%YAML:1.0
---
calibration_time: "2018年10月16日 星期二 10时06分15秒"
image_width: 640
image_height: 480
board_width: 10
board_height: 11
square_size: 1.
flags: 0
camera_matrix: !!opencv-matrix
   rows: 3
   cols: 3
   dt: d
   data: [ 4.9738727028963382e+02, 0., 3.2539748800976764e+02, 0.,
       4.9689422851558675e+02, 2.3695097312727853e+02, 0., 0., 1. ]
distortion_coefficients: !!opencv-matrix
   rows: 5
   cols: 1
   dt: d
   data: [ 6.2582820181029591e-02, -2.8276620082275805e-01,
       -9.4319447687070991e-03, -6.1917898870107301e-03,
       3.8001305317989409e-01 ]
avg_reprojection_error: 1.1497632868287513e-01
