%YAML:1.0
calibration_time: "Mon Oct 15 11:44:01 2018"
image_width: 640
image_height: 480
board_width: 10
board_height: 11
square_size: 1.
flags: 0
camera_matrix: !!opencv-matrix
   rows: 3
   cols: 3
   dt: d
   data: [ 5.1733450443866695e+02, 0., 3.2486426492642192e+02, 0.,
       5.1677985973562431e+02, 2.4189966135588659e+02, 0., 0., 1. ]
distortion_coefficients: !!opencv-matrix
   rows: 5
   cols: 1
   dt: d
   data: [ 6.4594388829901650e-02, -3.4883505429875972e-01,
       -1.3612724598759049e-03, 4.9521998741013215e-04,
       4.7187471348212140e-01 ]
avg_reprojection_error: 8.7573214943947236e-02
