%YAML:1.0
---
calibration_time: "2018年10月16日 星期二 09时57分13秒"
image_width: 640
image_height: 480
board_width: 10
board_height: 11
square_size: 1.
flags: 0
camera_matrix: !!opencv-matrix
   rows: 3
   cols: 3
   dt: d
   data: [ 5.2930568341191179e+02, 0., 3.4457346656119830e+02, 0.,
       5.2355419143816869e+02, 2.0875826671221193e+02, 0., 0., 1. ]
distortion_coefficients: !!opencv-matrix
   rows: 5
   cols: 1
   dt: d
   data: [ 9.8341379705616905e-02, -2.4840911231453969e-01,
       -2.0246690632991771e-02, 1.5894013553317706e-02,
       1.9444741723930517e-01 ]
avg_reprojection_error: 4.8921993476347525e-01
