%YAML:1.0
---
calibration_time: "2018年10月22日 星期一 09时12分21秒"
image_width: 640
image_height: 480
board_width: 10
board_height: 11
square_size: 1.
flags: 0
camera_matrix: !!opencv-matrix
   rows: 3
   cols: 3
   dt: d
   data: [ 3.6691336478303663e+02, 0., 3.2421368290659905e+02, 0.,
       3.6566468846450607e+02, 2.6231391193165706e+02, 0., 0., 1. ]
distortion_coefficients: !!opencv-matrix
   rows: 5
   cols: 1
   dt: d
   data: [ -1.8126225155606798e-01, 6.1196665488217106e-01,
       -1.4539309556433887e-02, 8.7197441248265308e-03,
       -7.8446518262601950e-01 ]
avg_reprojection_error: 1.0020156860246647e+00
