%YAML:1.0
---
calibration_time: "2018年11月02日 星期五 20时21分02秒"
image_width: 640
image_height: 480
board_width: 10
board_height: 11
square_size: 1.
flags: 0
camera_matrix: !!opencv-matrix
   rows: 3
   cols: 3
   dt: d
   data: [ 4.4783719364955249e+02, 0., 2.7570295939292612e+02, 0.,
       4.6339891226786614e+02, 2.4601315095054022e+02, 0., 0., 1. ]
distortion_coefficients: !!opencv-matrix
   rows: 5
   cols: 1
   dt: d
   data: [ 6.4650075489882930e-01, -4.6296046838139961e+00,
       7.2881328632455764e-02, -9.4758182693170726e-02,
       7.2077400374742258e+00 ]
avg_reprojection_error: 3.0652217234896932e+00
