%YAML:1.0
---
calibration_time: "2018年11月05日 星期一 11时02分03秒"
image_width: 640
image_height: 480
board_width: 10
board_height: 11
square_size: 1.
flags: 0
camera_matrix: !!opencv-matrix
   rows: 3
   cols: 3
   dt: d
   data: [ 5.0966983516449699e+02, 0., 3.0520933561831208e+02, 0.,
       5.0914918872757545e+02, 2.0880606991487952e+02, 0., 0., 1. ]
distortion_coefficients: !!opencv-matrix
   rows: 5
   cols: 1
   dt: d
   data: [ 1.1702219311175953e-01, -5.6332152080857079e-01,
       -4.7345749643884320e-03, 1.1435900200602478e-03,
       6.8741712673547228e-01 ]
avg_reprojection_error: 7.1737756443963008e-01
