%YAML:1.0
---
calibration_time: "2018年10月21日 星期日 16时51分38秒"
image_width: 640
image_height: 480
board_width: 10
board_height: 11
square_size: 1.
flags: 0
camera_matrix: !!opencv-matrix
   rows: 3
   cols: 3
   dt: d
   data: [ 4.3025196396932665e+02, 0., 3.2536028915940881e+02, 0.,
       4.2636023858495821e+02, 2.5645481413082081e+02, 0., 0., 1. ]
distortion_coefficients: !!opencv-matrix
   rows: 5
   cols: 1
   dt: d
   data: [ -2.5356553798634313e-01, 1.1175103076151744e+00,
       -9.6343250390449556e-03, 8.6692066905622710e-03,
       -1.9812093523065735e+00 ]
avg_reprojection_error: 1.2930478250037962e+00
