%YAML:1.0
---
calibration_time: "2018年10月21日 星期日 16时09分01秒"
image_width: 640
image_height: 480
board_width: 10
board_height: 11
square_size: 1.
flags: 0
camera_matrix: !!opencv-matrix
   rows: 3
   cols: 3
   dt: d
   data: [ 5.9141377228283409e+02, 0., 3.0057109125273229e+02, 0.,
       5.9153771517934797e+02, 2.2965339578374147e+02, 0., 0., 1. ]
distortion_coefficients: !!opencv-matrix
   rows: 5
   cols: 1
   dt: d
   data: [ -1.4817156625819475e-01, 1.2600055183973957e+00,
       -6.5442050614759823e-03, -6.2483460356888600e-03,
       -2.9945117569482549e+00 ]
avg_reprojection_error: 2.4842936633498033e-01
