%YAML:1.0
calibration_time: "Mon Oct 15 11:43:51 2018"
image_width: 640
image_height: 480
board_width: 10
board_height: 11
square_size: 1.
flags: 0
camera_matrix: !!opencv-matrix
   rows: 3
   cols: 3
   dt: d
   data: [ 5.8820157685368406e+02, 0., 3.2411529596545751e+02, 0.,
       5.8691328797633037e+02, 2.2975782087127430e+02, 0., 0., 1. ]
distortion_coefficients: !!opencv-matrix
   rows: 5
   cols: 1
   dt: d
   data: [ -9.2682145304151878e-02, 2.9234084054854975e-01,
       -3.7405216176294651e-03, 4.3241467085822667e-03,
       -2.1573995658170675e-01 ]
avg_reprojection_error: 1.5701816043104666e-01
