%YAML:1.0
---
calibration_time: "2018年10月16日 星期二 09时57分09秒"
image_width: 640
image_height: 480
board_width: 10
board_height: 11
square_size: 1.
flags: 0
camera_matrix: !!opencv-matrix
   rows: 3
   cols: 3
   dt: d
   data: [ 5.7706975565767402e+02, 0., 2.8654159732791015e+02, 0.,
       6.0224163720732224e+02, 2.4098099068458188e+02, 0., 0., 1. ]
distortion_coefficients: !!opencv-matrix
   rows: 5
   cols: 1
   dt: d
   data: [ -3.2255771057744365e-01, 3.5993949213927334e+00,
       -1.3281391850773381e-02, -1.6921842805821777e-03,
       -1.3712162080659162e+01 ]
avg_reprojection_error: 3.5992705042298162e-01
