%YAML:1.0
---
K: !!opencv-matrix
   rows: 3
   cols: 3
   dt: d
   data: [ 3.7273131803141604e+02, 0., 3.7975162871886351e+02, 0.,
       3.7203965910611879e+02, 2.3886980068328461e+02, 0., 0., 1. ]
D: !!opencv-matrix
   rows: 4
   cols: 1
   dt: d
   data: [ -5.3749620867661926e-02, 7.4600792418274872e-02,
       -9.7587629599762499e-02, 4.5764369876280325e-02 ]
rms: 2.9372017476711476e-01
