%YAML:1.0
calibration_time: "Thu Jun 28 01:18:39 2018"
image_width: 640
image_height: 480
board_width: 10
board_height: 11
square_size: 1.
flags: 0
camera_matrix: !!opencv-matrix
   rows: 3
   cols: 3
   dt: d
   data: [ 5.2375460124203892e+02, 0., 3.1891478314206637e+02, 0.,
       5.2189260613777446e+02, 2.2804146004722409e+02, 0., 0., 1. ]
distortion_coefficients: !!opencv-matrix
   rows: 5
   cols: 1
   dt: d
   data: [ 6.5013295665211329e-02, -2.2810735218622244e-01,
       2.9444129115787951e-03, 2.6837813473626036e-03,
       1.7018582021559855e-01 ]
avg_reprojection_error: 2.5212800309442041e-01
