%YAML:1.0
---
K: !!opencv-matrix
   rows: 3
   cols: 3
   dt: d
   data: [ 3.7330173701094878e+02, 0., 3.7086824163479673e+02, 0.,
       3.7071650731435318e+02, 2.3536905211037663e+02, 0., 0., 1. ]
D: !!opencv-matrix
   rows: 4
   cols: 1
   dt: d
   data: [ -2.9591666751180808e-02, 7.9202331415152375e-03,
       -1.6685225184702349e-02, 9.5840323070311238e-03 ]
rms: 1.3956297760969941e-01
