%YAML:1.0
---
calibration_time: "2018年12月24日 星期一 11时30分23秒"
image_width: 752
image_height: 480
board_width: 10
board_height: 11
square_size: 1.
flags: 0
camera_matrix: !!opencv-matrix
   rows: 3
   cols: 3
   dt: d
   data: [ 4.2768123140655280e+02, 0., 3.8921207420745537e+02, 0.,
       4.2686963389899233e+02, 2.4667136569169176e+02, 0., 0., 1. ]
distortion_coefficients: !!opencv-matrix
   rows: 5
   cols: 1
   dt: d
   data: [ -3.4662124007919876e-01, 1.3922080757714381e-01,
       -3.3600970956706444e-03, -2.5409484184818641e-03,
       -3.0121445044565730e-02 ]
avg_reprojection_error: 3.7068929878510066e+00
