%YAML:1.0
---
M1: !!opencv-matrix
   rows: 3
   cols: 3
   dt: d
   data: [ 3.6379853656181064e+02, 0., 3.9024689190506166e+02, 0.,
       3.6211510965248596e+02, 2.2845288679315354e+02, 0., 0., 1. ]
D1: !!opencv-matrix
   rows: 4
   cols: 1
   dt: d
   data: [ -1.1586961637399895e-01, 3.3595169969615146e-01,
       -5.1123845501569365e-01, 2.5554307544083277e-01 ]
M2: !!opencv-matrix
   rows: 3
   cols: 3
   dt: d
   data: [ 3.6413645520914218e+02, 0., 3.8251302253761236e+02, 0.,
       3.6238197536106168e+02, 2.3010904302515331e+02, 0., 0., 1. ]
D2: !!opencv-matrix
   rows: 4
   cols: 1
   dt: d
   data: [ -1.0036002618514103e-01, 2.3147845693151045e-01,
       -2.8453165601047481e-01, 1.1747002387157676e-01 ]
R: !!opencv-matrix
   rows: 3
   cols: 3
   dt: d
   data: [ 9.9980728481278813e-01, -9.7200950668876963e-04,
       -1.9607356598976330e-02, 8.5026110599173844e-04,
       9.9998031463237869e-01, -6.2167036104785996e-03,
       1.9613013315963251e-02, 6.1988341845710471e-03,
       9.9978842970071424e-01 ]
T: !!opencv-matrix
   rows: 3
   cols: 1
   dt: d
   data: [ -9.8706429131907655e+01, 2.4217318112175051e-01,
       -1.3641326523445263e+00 ]
R1: !!opencv-matrix
   rows: 3
   cols: 3
   dt: d
   data: [ 9.9997775222999030e-01, -3.3394329365466048e-03,
       -5.7743599401450137e-03, 3.3214056774574516e-03,
       9.9998958961581252e-01, -3.1287256711066158e-03,
       5.7847479963951103e-03, 3.1094770720485818e-03,
       9.9997843368892536e-01 ]
R2: !!opencv-matrix
   rows: 3
   cols: 3
   dt: d
   data: [ 9.9990150722530002e-01, -2.4532275247153611e-03,
       1.3818738122024011e-02, 2.4101122443779600e-03,
       9.9999217887536396e-01, 3.1358487004249308e-03,
       -1.3826322994296071e-02, -3.1022351320356433e-03,
       9.9989959942468376e-01 ]
P1: !!opencv-matrix
   rows: 3
   cols: 4
   dt: d
   data: [ 2.9676119848593885e+02, 0., 3.9301858812660493e+02, 0., 0.,
       2.9676119848593885e+02, 2.2478752626997883e+02, 0., 0., 0., 1.,
       0. ]
P2: !!opencv-matrix
   rows: 3
   cols: 4
   dt: d
   data: [ 2.9676119848593885e+02, 0., 3.9301858812660493e+02,
       -2.9295123565457441e+04, 0., 2.9676119848593885e+02,
       2.2478752626997883e+02, 0., 0., 0., 1., 0. ]
Q: !!opencv-matrix
   rows: 4
   cols: 4
   dt: d
   data: [ 1., 0., 0., -3.9301858812660493e+02, 0., 1., 0.,
       -2.2478752626997883e+02, 0., 0., 0., 2.9676119848593885e+02, 0.,
       0., 1.0130054506267959e-02, 0. ]
