%YAML:1.0
---
M1: !!opencv-matrix
   rows: 3
   cols: 3
   dt: d
   data: [ 3.2018936329240387e+02, 0., 3.7702814508091080e+02, 0.,
       3.1435029838886754e+02, 2.1937004412358488e+02, 0., 0., 1. ]
D1: !!opencv-matrix
   rows: 4
   cols: 1
   dt: d
   data: [ 1.0332079522422652e-01, -1.0512245942337511e-01,
       -5.6942911038627878e-02, 7.4752231249028536e-02 ]
M2: !!opencv-matrix
   rows: 3
   cols: 3
   dt: d
   data: [ 3.3261275534669102e+02, 0., 3.7489485561288927e+02, 0.,
       3.2881847196875918e+02, 2.2539158674026612e+02, 0., 0., 1. ]
D2: !!opencv-matrix
   rows: 4
   cols: 1
   dt: d
   data: [ -2.2047385081421633e-01, 8.7517688893875656e-01,
       -1.2707824496862437e+00, 6.1269464118334260e-01 ]
R: !!opencv-matrix
   rows: 3
   cols: 3
   dt: d
   data: [ 9.9998980950606553e-01, 4.3925050809577983e-03,
       1.0424889143362084e-03, -4.3846296814866745e-03,
       9.9996270886001803e-01, -7.4401553673985547e-03,
       -1.0751309589905925e-03, 7.4355086207039921e-03,
       9.9997177825425276e-01 ]
T: !!opencv-matrix
   rows: 3
   cols: 1
   dt: d
   data: [ -1.0078993644322374e+02, -1.8261232132067597e+00,
       6.1914872355851687e+00 ]
R1: !!opencv-matrix
   rows: 3
   cols: 3
   dt: d
   data: [ 9.9793181748967219e-01, 2.2008088660354128e-02,
       -6.0396454161463768e-02, -2.2236899767743807e-02,
       9.9974786460731857e-01, -3.1188943274562575e-03,
       6.0312585174896287e-02, 4.4554737822722580e-03,
       9.9816959522062010e-01 ]
R2: !!opencv-matrix
   rows: 3
   cols: 3
   dt: d
   data: [ 9.9795535607887320e-01, 1.8081065489174968e-02,
       -6.1304015727076069e-02, -1.7848527000548287e-02,
       9.9983128849886949e-01, 4.3387351383774074e-03,
       6.1372121988734631e-02, -3.2356775900045883e-03,
       9.9810970991827030e-01 ]
P1: !!opencv-matrix
   rows: 3
   cols: 4
   dt: d
   data: [ 2.5260742155384460e+02, 0., 4.2792739100074704e+02, 0., 0.,
       2.5260742155384460e+02, 2.1284436723707285e+02, 0., 0., 0., 1.,
       0. ]
P2: !!opencv-matrix
   rows: 3
   cols: 4
   dt: d
   data: [ 2.5260742155384460e+02, 0., 4.2792739100074704e+02,
       -2.5512449838974931e+04, 0., 2.5260742155384460e+02,
       2.1284436723707285e+02, 0., 0., 0., 1., 0. ]
Q: !!opencv-matrix
   rows: 4
   cols: 4
   dt: d
   data: [ 1., 0., 0., -4.2792739100074704e+02, 0., 1., 0.,
       -2.1284436723707285e+02, 0., 0., 0., 2.5260742155384460e+02, 0.,
       0., 9.9013392735001308e-03, 0. ]
