%YAML:1.0
---
M1: !!opencv-matrix
   rows: 3
   cols: 3
   dt: d
   data: [ 3.4381724014458297e+02, 0., 3.8720989165056682e+02, 0.,
       3.4226303442665193e+02, 2.4235462895536898e+02, 0., 0., 1. ]
D1: !!opencv-matrix
   rows: 4
   cols: 1
   dt: d
   data: [ -1.4697148064327731e-01, 3.6071089148947172e-01,
       -3.6897394615639584e-01, 1.2886507751642778e-01 ]
M2: !!opencv-matrix
   rows: 3
   cols: 3
   dt: d
   data: [ 3.4245208347760581e+02, 0., 3.8313226267395777e+02, 0.,
       3.4033791485335985e+02, 2.1817708539863548e+02, 0., 0., 1. ]
D2: !!opencv-matrix
   rows: 4
   cols: 1
   dt: d
   data: [ -1.2298709555641638e-01, 3.0690997846157547e-01,
       -3.4520189370527293e-01, 1.3571586183879314e-01 ]
R: !!opencv-matrix
   rows: 3
   cols: 3
   dt: d
   data: [ 9.9996067689679125e-01, -5.2396815753343040e-04,
       -8.8526898443860563e-03, 5.6732009901252264e-04,
       9.9998785733854478e-01, 4.8952347616352801e-03,
       8.8500174020315573e-03, -4.9000645746925644e-03,
       9.9994883197049012e-01 ]
T: !!opencv-matrix
   rows: 3
   cols: 1
   dt: d
   data: [ -1.0061538913653733e+02, 9.0998760506313825e-01,
       -3.5351390537740124e-01 ]
R1: !!opencv-matrix
   rows: 3
   cols: 3
   dt: d
   data: [ 9.9993957322095839e-01, -9.5848425471812670e-03,
       -5.3833725519808959e-03, 9.5978871386649001e-03,
       9.9995105298247966e-01, 2.4025406767748080e-03,
       5.3600810778501942e-03, -2.4540645011594886e-03,
       9.9998262339815847e-01 ]
R2: !!opencv-matrix
   rows: 3
   cols: 3
   dt: d
   data: [ 9.9995293197372737e-01, -9.0437932164486260e-03,
       3.5133518759823297e-03, 9.0522982616539297e-03,
       9.9995611699029052e-01, -2.4124655194395325e-03,
       -3.4913798602282165e-03, 2.4441558785286196e-03,
       9.9999091814311658e-01 ]
P1: !!opencv-matrix
   rows: 3
   cols: 4
   dt: d
   data: [ 2.7076100186598285e+02, 0., 3.9907788840168894e+02, 0., 0.,
       2.7076100186598285e+02, 2.2590799265805549e+02, 0., 0., 0., 1.,
       0. ]
P2: !!opencv-matrix
   rows: 3
   cols: 4
   dt: d
   data: [ 2.7076100186598285e+02, 0., 3.9907788840168894e+02,
       -2.7244005887329458e+04, 0., 2.7076100186598285e+02,
       2.2590799265805549e+02, 0., 0., 0., 1., 0. ]
Q: !!opencv-matrix
   rows: 4
   cols: 4
   dt: d
   data: [ 1., 0., 0., -3.9907788840168894e+02, 0., 1., 0.,
       -2.2590799265805549e+02, 0., 0., 0., 2.7076100186598285e+02, 0.,
       0., 9.9383696724242524e-03, 0. ]
