%YAML:1.0
---
K: !!opencv-matrix
   rows: 3
   cols: 3
   dt: d
   data: [ 3.7244100144198620e+02, 0., 3.8886239578451767e+02, 0.,
       3.6998553401913853e+02, 2.2859424969119652e+02, 0., 0., 1. ]
D: !!opencv-matrix
   rows: 4
   cols: 1
   dt: d
   data: [ -2.8490236182906119e-02, 3.3414786846710904e-03,
       -9.4105533794515868e-03, 4.8961470856957465e-03 ]
rms: 1.6378793496122093e-01
