%YAML:1.0
---
K: !!opencv-matrix
   rows: 3
   cols: 3
   dt: d
   data: [ 3.7330173701094895e+02, 0., 3.7086824163479668e+02, 0.,
       3.7071650731435329e+02, 2.3536905211037666e+02, 0., 0., 1. ]
D: !!opencv-matrix
   rows: 4
   cols: 1
   dt: d
   data: [ -2.9591666751181904e-02, 7.9202331415204625e-03,
       -1.6685225184711286e-02, 9.5840323070360191e-03 ]
rms: 1.3956297760969974e-01
