%YAML:1.0
---
R: !!opencv-matrix
   rows: 3
   cols: 3
   dt: d
   data: [ 9.9999598607536566e-01, -1.8535679664495551e-03,
       -2.1429229922761022e-03, 1.8434223584399276e-03,
       9.9998712953325641e-01, -4.7267919191201829e-03,
       2.1516568419423384e-03, 4.7228226339772863e-03,
       9.9998653256891545e-01 ]
T: !!opencv-matrix
   rows: 3
   cols: 1
   dt: d
   data: [ -9.9912350261620389e+01, 1.0884420831268682e-01,
       2.0643790721915454e+00 ]
R1: !!opencv-matrix
   rows: 3
   cols: 3
   dt: d
   data: [ 9.9973554957432675e-01, -3.0398827562703357e-03,
       -2.2794517545826291e-02, 2.9862275650494549e-03,
       9.9999269103683863e-01, -2.3875338388339297e-03,
       2.2801608764483932e-02, 2.3188328378665993e-03,
       9.9973732032570517e-01 ]
R2: !!opencv-matrix
   rows: 3
   cols: 3
   dt: d
   data: [ 9.9978601823622204e-01, -1.0891638256132776e-03,
       -2.0657479553944876e-02, 1.1377774609267570e-03,
       9.9999661091848158e-01, 2.3417117671230350e-03,
       2.0654859036315920e-02, -2.3647142981448716e-03,
       9.9978386910595740e-01 ]
P1: !!opencv-matrix
   rows: 3
   cols: 4
   dt: d
   data: [ 3.1334987347879849e+02, 0., 4.1254503317698226e+02, 0., 0.,
       3.1334987347879849e+02, 2.2888316517457969e+02, 0., 0., 0., 1.,
       0. ]
P2: !!opencv-matrix
   rows: 3
   cols: 4
   dt: d
   data: [ 3.1334987347879849e+02, 0., 4.1254503317698226e+02,
       -3.1314222986114059e+04, 0., 3.1334987347879849e+02,
       2.2888316517457969e+02, 0., 0., 0., 1., 0. ]
Q: !!opencv-matrix
   rows: 4
   cols: 4
   dt: d
   data: [ 1., 0., 0., -4.1254503317698226e+02, 0., 1., 0.,
       -2.2888316517457969e+02, 0., 0., 0., 3.1334987347879849e+02, 0.,
       0., 1.0006630968226482e-02, 0. ]
