%YAML:1.0
---
R: !!opencv-matrix
   rows: 3
   cols: 3
   dt: d
   data: [ 9.9997195354122304e-01, -6.7726049045686845e-03,
       -3.1974917915117813e-03, 6.7566244009405066e-03,
       9.9996476098824605e-01, -4.9824500423668022e-03,
       3.2311232806546326e-03, 4.9607060512267629e-03,
       9.9998247546535457e-01 ]
T: !!opencv-matrix
   rows: 3
   cols: 1
   dt: d
   data: [ -1.1949978708395371e+02, -5.9888800090472760e-01,
       -1.0677513124055462e+00 ]
R1: !!opencv-matrix
   rows: 3
   cols: 3
   dt: d
   data: [ 9.9998221131023135e-01, -1.7167426542108804e-03,
       5.7122550502489867e-03, 1.7310000325580532e-03,
       9.9999539697370610e-01, -2.4919210033483821e-03,
       -5.7079507695113867e-03, 2.5017645890166641e-03,
       9.9998058004740975e-01 ]
R2: !!opencv-matrix
   rows: 3
   cols: 3
   dt: d
   data: [ 9.9994752728144976e-01, 5.0113610261290856e-03,
       8.9347044931680462e-03, -5.0336543489972871e-03,
       9.9998426971312504e-01, 2.4743989578760121e-03,
       -8.9221638412025975e-03, -2.5192433335649782e-03,
       9.9995702327920921e-01 ]
P1: !!opencv-matrix
   rows: 3
   cols: 4
   dt: d
   data: [ 3.0893613107655710e+02, 0., 3.7824856033574946e+02, 0., 0.,
       3.0893613107655710e+02, 2.3505060353107558e+02, 0., 0., 0., 1.,
       0. ]
P2: !!opencv-matrix
   rows: 3
   cols: 4
   dt: d
   data: [ 3.0893613107655710e+02, 0., 3.7824856033574946e+02,
       -3.6919739165271159e+04, 0., 3.0893613107655710e+02,
       2.3505060353107558e+02, 0., 0., 0., 1., 0. ]
Q: !!opencv-matrix
   rows: 4
   cols: 4
   dt: d
   data: [ 1., 0., 0., -3.7824856033574946e+02, 0., 1., 0.,
       -2.3505060353107558e+02, 0., 0., 0., 3.0893613107655710e+02, 0.,
       0., 8.3677766436432554e-03, 0. ]
