%YAML:1.0
---
R: !!opencv-matrix
   rows: 3
   cols: 3
   dt: d
   data: [ 9.9996941787227189e-01, -1.2910485892300052e-03,
       -7.7133983256280356e-03, 1.3042224921358816e-03,
       9.9999769915841474e-01, 1.7031387399846171e-03,
       7.7111817434528827e-03, -1.7131466419652264e-03,
       9.9996880091565987e-01 ]
T: !!opencv-matrix
   rows: 3
   cols: 1
   dt: d
   data: [ -1.0112779132596114e+02, 8.6389479062361163e-01,
       -2.4596255977392469e+00 ]
R1: !!opencv-matrix
   rows: 3
   cols: 3
   dt: d
   data: [ 9.9981367771042295e-01, -9.8720215558411629e-03,
       1.6587738048310489e-02, 9.8582557156675476e-03,
       9.9995099082894534e-01, 9.1144635348635466e-04,
       -1.6595922915067677e-02, -7.4775036729020274e-04,
       9.9986199858379721e-01 ]
R2: !!opencv-matrix
   rows: 3
   cols: 3
   dt: d
   data: [ 9.9966789870944195e-01, -8.5397681361914727e-03,
       2.4313877725054313e-02, 8.5599385644481232e-03,
       9.9996309977855402e-01, -7.2562596337448590e-04,
       -2.4306783860101225e-02, 9.3351028164554589e-04,
       9.9970411063320752e-01 ]
P1: !!opencv-matrix
   rows: 3
   cols: 4
   dt: d
   data: [ 3.1104306887723277e+02, 0., 3.6578981733024096e+02, 0., 0.,
       3.1104306887723277e+02, 2.2547814822676369e+02, 0., 0., 0., 1.,
       0. ]
P2: !!opencv-matrix
   rows: 3
   cols: 4
   dt: d
   data: [ 3.1104306887723277e+02, 0., 3.6578981733024096e+02,
       -3.1465548312005882e+04, 0., 3.1104306887723277e+02,
       2.2547814822676369e+02, 0., 0., 0., 1., 0. ]
Q: !!opencv-matrix
   rows: 4
   cols: 4
   dt: d
   data: [ 1., 0., 0., -3.6578981733024096e+02, 0., 1., 0.,
       -2.2547814822676369e+02, 0., 0., 0., 3.1104306887723277e+02, 0.,
       0., 9.8851946196199698e-03, 0. ]
