%YAML:1.0
---
R: !!opencv-matrix
   rows: 3
   cols: 3
   dt: d
   data: [ 9.9995395615830940e-01, -7.5762075202481681e-03,
       -5.8895367352587123e-03, 7.5809513141099428e-03,
       9.9997095718813689e-01, 7.8355434674898770e-04,
       5.8834293162169874e-03, -8.2816656014934138e-04,
       9.9998234954404552e-01 ]
T: !!opencv-matrix
   rows: 3
   cols: 1
   dt: d
   data: [ -8.9652025675378326e+01, 2.7873843084213614e-02,
       -7.0263568771282481e-01 ]
R1: !!opencv-matrix
   rows: 3
   cols: 3
   dt: d
   data: [ 9.9996695074737663e-01, -7.8933578046460617e-03,
       1.9473868546460256e-03, 7.8926023485586996e-03,
       9.9996877479006774e-01, 3.9531382266189417e-04,
       -1.9504464005300581e-03, -3.7993080777294175e-04,
       9.9999802570376095e-01 ]
R2: !!opencv-matrix
   rows: 3
   cols: 3
   dt: d
   data: [ 9.9996924093774198e-01, -3.1090190657136906e-04,
       7.8371243706359863e-03, 3.1393977596784668e-04,
       9.9999987606908269e-01, -3.8639828724315009e-04,
       -7.8370032674097700e-03, 3.8884678706335610e-04,
       9.9996921461511135e-01 ]
P1: !!opencv-matrix
   rows: 3
   cols: 4
   dt: d
   data: [ 3.0529254578197708e+02, 0., 3.7347352804986241e+02, 0., 0.,
       3.0529254578197708e+02, 2.3844019277121640e+02, 0., 0., 0., 1.,
       0. ]
P2: !!opencv-matrix
   rows: 3
   cols: 4
   dt: d
   data: [ 3.0529254578197708e+02, 0., 3.7347352804986241e+02,
       -2.7370937057304440e+04, 0., 3.0529254578197708e+02,
       2.3844019277121640e+02, 0., 0., 0., 1., 0. ]
Q: !!opencv-matrix
   rows: 4
   cols: 4
   dt: d
   data: [ 1., 0., 0., -3.7347352804986241e+02, 0., 1., 0.,
       -2.3844019277121640e+02, 0., 0., 0., 3.0529254578197708e+02, 0.,
       0., 1.1153894554023103e-02, 0. ]
