%YAML:1.0
---
R: !!opencv-matrix
   rows: 3
   cols: 3
   dt: d
   data: [ 9.9999798740562917e-01, -1.0550445905696730e-03,
       1.7064775424792148e-03, 1.0406326391901061e-03,
       9.9996397270460735e-01, 8.4243917602102418e-03,
       -1.7153041716641581e-03, -8.4225989890980603e-03,
       9.9996305809658170e-01 ]
T: !!opencv-matrix
   rows: 3
   cols: 1
   dt: d
   data: [ -9.6740652932982442e+01, 8.3166430582327833e-01,
       5.3122891604885076e+00 ]
R1: !!opencv-matrix
   rows: 3
   cols: 3
   dt: d
   data: [ 9.9854202024621885e-01, -9.1749102356311653e-03,
       -5.3194499948471093e-02, 9.3998251244465821e-03,
       9.9994790203052664e-01, 3.9795115753195817e-03,
       5.3155216961551406e-02, -4.4737285251108391e-03,
       9.9857624078627760e-01 ]
R2: !!opencv-matrix
   rows: 3
   cols: 3
   dt: d
   data: [ 9.9845891530603759e-01, -8.5835955776142111e-03,
       -5.4828061545623578e-02, 8.3516075286576685e-03,
       9.9995518334143496e-01, -4.4589191834409868e-03,
       5.4863877894093423e-02, 3.9941451597496356e-03,
       9.9848585453518812e-01 ]
P1: !!opencv-matrix
   rows: 3
   cols: 4
   dt: d
   data: [ 3.1463495471098042e+02, 0., 4.6002612138157463e+02, 0., 0.,
       3.1463495471098042e+02, 2.4725429831330865e+02, 0., 0., 0., 1.,
       0. ]
P2: !!opencv-matrix
   rows: 3
   cols: 4
   dt: d
   data: [ 3.1463495471098042e+02, 0., 4.6002612138157463e+02,
       -3.0484970876292948e+04, 0., 3.1463495471098042e+02,
       2.4725429831330865e+02, 0., 0., 0., 1., 0. ]
Q: !!opencv-matrix
   rows: 4
   cols: 4
   dt: d
   data: [ 1., 0., 0., -4.6002612138157463e+02, 0., 1., 0.,
       -2.4725429831330865e+02, 0., 0., 0., 3.1463495471098042e+02, 0.,
       0., 1.0320985904423499e-02, 0. ]
