%YAML:1.0
---
R: !!opencv-matrix
   rows: 3
   cols: 3
   dt: d
   data: [ 9.9990179826569825e-01, -6.8728635335043396e-03,
       -1.2213008305595702e-02, 6.9175918993285030e-03,
       9.9996950669977125e-01, 3.6238919589792161e-03,
       1.2187729375772505e-02, -3.7080206938251833e-03,
       9.9991885162506911e-01 ]
T: !!opencv-matrix
   rows: 3
   cols: 1
   dt: d
   data: [ -1.2107728231663454e+02, 4.3243181588483515e-01,
       -1.1453254595960585e+00 ]
R1: !!opencv-matrix
   rows: 3
   cols: 3
   dt: d
   data: [ 9.9994126685733253e-01, -1.0478830373670950e-02,
       -2.7671193961796253e-03, 1.0483810239408696e-02,
       9.9994343883708869e-01, 1.7913261906903433e-03,
       2.7481918813925085e-03, -1.8202309351329461e-03,
       9.9999456708560475e-01 ]
R2: !!opencv-matrix
   rows: 3
   cols: 3
   dt: d
   data: [ 9.9994888531404447e-01, -3.5713529738687854e-03,
       9.4589744230495713e-03, 3.5884284330714197e-03,
       9.9999196155496117e-01, -1.7888562943537947e-03,
       -9.4525097503568804e-03, 1.8227077102934656e-03,
       9.9995366282444431e-01 ]
P1: !!opencv-matrix
   rows: 3
   cols: 4
   dt: d
   data: [ 3.1060578703830720e+02, 0., 3.7137344904146710e+02, 0., 0.,
       3.1060578703830720e+02, 2.3378172913572999e+02, 0., 0., 0., 1.,
       0. ]
P2: !!opencv-matrix
   rows: 3
   cols: 4
   dt: d
   data: [ 3.1060578703830720e+02, 0., 3.7137344904146710e+02,
       -3.7609226950242170e+04, 0., 3.1060578703830720e+02,
       2.3378172913572999e+02, 0., 0., 0., 1., 0. ]
Q: !!opencv-matrix
   rows: 4
   cols: 4
   dt: d
   data: [ 1., 0., 0., -3.7137344904146710e+02, 0., 1., 0.,
       -2.3378172913572999e+02, 0., 0., 0., 3.1060578703830720e+02, 0.,
       0., 8.2587655271203920e-03, 0. ]
