%YAML:1.0
---
R: !!opencv-matrix
   rows: 3
   cols: 3
   dt: d
   data: [ 9.9997082225414147e-01, -1.4696877733830795e-03,
       -7.4963096404123113e-03, 1.4796248148611117e-03,
       9.9999803386618391e-01, 1.3202174721687653e-03,
       7.4943545941873798e-03, -1.3312706769627088e-03,
       9.9997103076419236e-01 ]
T: !!opencv-matrix
   rows: 3
   cols: 1
   dt: d
   data: [ -1.0088759854029861e+02, 6.3284888317318411e-01,
       -7.7524896568263280e-01 ]
R1: !!opencv-matrix
   rows: 3
   cols: 3
   dt: d
   data: [ 9.9996993409303958e-01, -7.7523353596339467e-03,
       1.7946151117232204e-04, 7.7522173882861182e-03,
       9.9996974051671772e-01, 6.4898111907028269e-04,
       -1.8448720003682879e-04, -6.4757038221690091e-04,
       9.9999977330851086e-01 ]
R2: !!opencv-matrix
   rows: 3
   cols: 3
   dt: d
   data: [ 9.9995080543787329e-01, -6.2725028606843381e-03,
       7.6839060386670035e-03, 6.2774829312483424e-03,
       9.9998010161182616e-01, -6.2417020881696042e-04,
       -7.6798380319015973e-03, 6.7237509203989189e-04,
       9.9997028355823625e-01 ]
P1: !!opencv-matrix
   rows: 3
   cols: 4
   dt: d
   data: [ 3.1105970709989731e+02, 0., 3.8859595607208672e+02, 0., 0.,
       3.1105970709989731e+02, 2.2601696223351723e+02, 0., 0., 0., 1.,
       0. ]
P2: !!opencv-matrix
   rows: 3
   cols: 4
   dt: d
   data: [ 3.1105970709989731e+02, 0., 3.8859595607208672e+02,
       -3.1383610754946345e+04, 0., 3.1105970709989731e+02,
       2.2601696223351723e+02, 0., 0., 0., 1., 0. ]
Q: !!opencv-matrix
   rows: 4
   cols: 4
   dt: d
   data: [ 1., 0., 0., -3.8859595607208672e+02, 0., 1., 0.,
       -2.2601696223351723e+02, 0., 0., 0., 3.1105970709989731e+02, 0.,
       0., 9.9115334283475156e-03, 0. ]
