%YAML:1.0
---
R: !!opencv-matrix
   rows: 3
   cols: 3
   dt: d
   data: [ 9.9994617142279885e-01, -7.1991605333816752e-03,
       -7.4717029184226576e-03, 7.2095094560644963e-03,
       9.9997308758446246e-01, 1.3590732871936100e-03,
       7.4617176500778020e-03, -1.4128674430555399e-03,
       9.9997116287185950e-01 ]
T: !!opencv-matrix
   rows: 3
   cols: 1
   dt: d
   data: [ -8.9975046113594757e+01, -1.2783591873851887e+00,
       -5.1625133107190520e+00 ]
R1: !!opencv-matrix
   rows: 3
   cols: 3
   dt: d
   data: [ 9.9873346758054904e-01, 6.9152506784625166e-03,
       4.9836131898317426e-02, -6.9459549565414171e-03,
       9.9997577846287278e-01, 4.4294165904533851e-04,
       -4.9831861737990146e-02, -7.8854018644817559e-04,
       9.9875730974050969e-01 ]
R2: !!opencv-matrix
   rows: 3
   cols: 3
   dt: d
   data: [ 9.9825756240707653e-01, 1.4183173906559361e-02,
       5.7277191577607106e-02, -1.4147876752789593e-02,
       9.9989939176143150e-01, -1.0217330900474536e-03,
       -5.7285920438354565e-02, 2.0960213671554419e-04,
       9.9835779126847857e-01 ]
P1: !!opencv-matrix
   rows: 3
   cols: 4
   dt: d
   data: [ 2.9350102672906763e+02, 0., 3.4264203016296244e+02, 0., 0.,
       2.9350102672906763e+02, 2.3507937481435209e+02, 0., 0., 0., 1.,
       0. ]
P2: !!opencv-matrix
   rows: 3
   cols: 4
   dt: d
   data: [ 2.9350102672906763e+02, 0., 3.4264203016296244e+02,
       -2.6453862619040716e+04, 0., 2.9350102672906763e+02,
       2.3507937481435209e+02, 0., 0., 0., 1., 0. ]
Q: !!opencv-matrix
   rows: 4
   cols: 4
   dt: d
   data: [ 1., 0., 0., -3.4264203016296244e+02, 0., 1., 0.,
       -2.3507937481435209e+02, 0., 0., 0., 2.9350102672906763e+02, 0.,
       0., 1.1094826905081687e-02, 0. ]
