%YAML:1.0
---
M1: !!opencv-matrix
   rows: 3
   cols: 3
   dt: d
   data: [ 3.6939047927878204e+02, 0., 3.7933246417726082e+02, 0.,
       3.6879386468637745e+02, 2.4377053969605734e+02, 0., 0., 1. ]
D1: !!opencv-matrix
   rows: 4
   cols: 1
   dt: d
   data: [ -1.8800985453415690e-02, 1.7034180118937217e-02,
       -1.1391881444786831e-01, 1.2150309342460525e-01 ]
M2: !!opencv-matrix
   rows: 3
   cols: 3
   dt: d
   data: [ 3.6726558748694907e+02, 0., 3.8249164496727587e+02, 0.,
       3.6637139232447936e+02, 2.2866961474271733e+02, 0., 0., 1. ]
D2: !!opencv-matrix
   rows: 4
   cols: 1
   dt: d
   data: [ -1.2939020371466260e-02, -5.9466239269147124e-03,
       -6.8475481566232205e-02, 1.2263472883443248e-01 ]
