%YAML:1.0
---
M1: !!opencv-matrix
   rows: 3
   cols: 3
   dt: d
   data: [ 3.6937789721979840e+02, 0., 3.8484294312757555e+02, 0.,
       3.7047961043956400e+02, 2.4188169557961319e+02, 0., 0., 1. ]
D1: !!opencv-matrix
   rows: 4
   cols: 1
   dt: d
   data: [ -2.0614401943608515e-02, -1.4825232064629606e-02,
       2.0905942754580922e-02, -1.3105791258502131e-02 ]
M2: !!opencv-matrix
   rows: 3
   cols: 3
   dt: d
   data: [ 3.6885285285195215e+02, 0., 3.8033309808301766e+02, 0.,
       3.6985149158690973e+02, 2.1789611863185618e+02, 0., 0., 1. ]
D2: !!opencv-matrix
   rows: 4
   cols: 1
   dt: d
   data: [ -2.5733398778231699e-02, 1.6066694538566004e-02,
       -4.8279916910517626e-02, 3.8464432106841896e-02 ]
