%YAML:1.0
---
M1: !!opencv-matrix
   rows: 3
   cols: 3
   dt: d
   data: [ 3.5885245639060520e+02, 0., 3.7790789447932099e+02, 0.,
       3.5732745968769046e+02, 2.4462950120884230e+02, 0., 0., 1. ]
D1: !!opencv-matrix
   rows: 4
   cols: 1
   dt: d
   data: [ 1.0895665602118710e-02, -2.0382065641690213e-02,
       -6.3998496095287336e-02, 6.0394567698846525e-02 ]
M2: !!opencv-matrix
   rows: 3
   cols: 3
   dt: d
   data: [ 3.5508943017132964e+02, 0., 3.8254376119678312e+02, 0.,
       3.5332897787131134e+02, 2.2790518444666486e+02, 0., 0., 1. ]
D2: !!opencv-matrix
   rows: 4
   cols: 1
   dt: d
   data: [ -5.3092254965699297e-02, 2.1482336855722153e-01,
       -3.5021332817180223e-01, 1.8302948874569072e-01 ]
