%YAML:1.0
---
M1: !!opencv-matrix
   rows: 3
   cols: 3
   dt: d
   data: [ 3.6399172936580868e+02, 0., 3.8338051826791889e+02, 0.,
       3.6765785975106439e+02, 2.4552569074598873e+02, 0., 0., 1. ]
D1: !!opencv-matrix
   rows: 4
   cols: 1
   dt: d
   data: [ 2.8528921768959038e-03, -1.3140623707878810e-01,
       2.3694468486418246e-01, -1.4220814159420983e-01 ]
M2: !!opencv-matrix
   rows: 3
   cols: 3
   dt: d
   data: [ 3.6898480561182186e+02, 0., 3.8499305171178867e+02, 0.,
       3.7243187718438628e+02, 2.4289321376668263e+02, 0., 0., 1. ]
D2: !!opencv-matrix
   rows: 4
   cols: 1
   dt: d
   data: [ 7.7566641604755113e-03, -1.7282035031212806e-01,
       2.9315390314411599e-01, -1.6621917290525665e-01 ]
