%YAML:1.0
---
M1: !!opencv-matrix
   rows: 3
   cols: 3
   dt: d
   data: [ 3.7021691482484084e+02, 0., 3.8487412091813496e+02, 0.,
       3.7134951694581861e+02, 2.4147414028066925e+02, 0., 0., 1. ]
D1: !!opencv-matrix
   rows: 4
   cols: 1
   dt: d
   data: [ -1.5160633565780608e-02, -5.5050245346220966e-02,
       1.3566702624846105e-01, -1.2325441751462206e-01 ]
M2: !!opencv-matrix
   rows: 3
   cols: 3
   dt: d
   data: [ 3.6908347184822378e+02, 0., 3.8061575862615797e+02, 0.,
       3.7012541632312133e+02, 2.1750800307350926e+02, 0., 0., 1. ]
D2: !!opencv-matrix
   rows: 4
   cols: 1
   dt: d
   data: [ -2.6122247699656098e-02, 2.5822201266624503e-02,
       -8.3872962368845158e-02, 7.1951969098795268e-02 ]
