%YAML:1.0
---
M1: !!opencv-matrix
   rows: 3
   cols: 3
   dt: d
   data: [ 3.7339135003509011e+02, 0., 3.7264239299148255e+02, 0.,
       3.7212977924760503e+02, 2.4452485558267855e+02, 0., 0., 1. ]
D1: !!opencv-matrix
   rows: 4
   cols: 1
   dt: d
   data: [ -1.8243541829232893e-02, -3.6269969112980804e-02,
       8.6471301958345279e-02, -6.6244379393619601e-02 ]
M2: !!opencv-matrix
   rows: 3
   cols: 3
   dt: d
   data: [ 3.7083226217093858e+02, 0., 3.7972852974186185e+02, 0.,
       3.6973817013718809e+02, 2.2628479255465126e+02, 0., 0., 1. ]
D2: !!opencv-matrix
   rows: 4
   cols: 1
   dt: d
   data: [ -2.9759731138687563e-02, 7.0636927565710717e-02,
       -1.7715977391808743e-01, 1.2281420142279756e-01 ]
