%YAML:1.0
---
M1: !!opencv-matrix
   rows: 3
   cols: 3
   dt: d
   data: [ 3.6966793103489198e+02, 0., 3.8693836615393485e+02, 0.,
       3.7052996290785558e+02, 2.4397018084447333e+02, 0., 0., 1. ]
D1: !!opencv-matrix
   rows: 4
   cols: 1
   dt: d
   data: [ -1.4958910630306060e-02, -2.6530825774712094e-02,
       4.3062051906799639e-02, -2.4537352291624692e-02 ]
M2: !!opencv-matrix
   rows: 3
   cols: 3
   dt: d
   data: [ 3.7089527322822443e+02, 0., 3.8120485268659280e+02, 0.,
       3.7187470187981467e+02, 2.2016834248549679e+02, 0., 0., 1. ]
D2: !!opencv-matrix
   rows: 4
   cols: 1
   dt: d
   data: [ -2.5607368212053620e-02, -3.4610306565929340e-03,
       8.2959388109083518e-03, -5.4291104665354804e-03 ]
