%YAML:1.0
---
M1: !!opencv-matrix
   rows: 3
   cols: 3
   dt: d
   data: [ 3.6881054675358945e+02, 0., 3.7449648545473127e+02, 0.,
       3.6778571202310155e+02, 2.4771232165620782e+02, 0., 0., 1. ]
D1: !!opencv-matrix
   rows: 4
   cols: 1
   dt: d
   data: [ -2.7603542295335185e-02, 1.4809216074692003e-02,
       -2.4626134782424820e-02, 1.1719216138971665e-02 ]
M2: !!opencv-matrix
   rows: 3
   cols: 3
   dt: d
   data: [ 3.6589420209791217e+02, 0., 3.7860653598129915e+02, 0.,
       3.6504666761864900e+02, 2.3018633359127838e+02, 0., 0., 1. ]
D2: !!opencv-matrix
   rows: 4
   cols: 1
   dt: d
   data: [ -2.5067131547079739e-02, -8.4147239063657312e-04,
       -6.8703951559457156e-04, 9.4377143491942495e-04 ]
